203000231111011230020123012123121131311030011210020102331 1
103033313102122003003033003013033210302312121320133031013 0
320000010001321130212131032333003323101101320202222323223 1
121300013032131130200110012012300210311002103102320031120 1
000110000111101130211033120210001021110022001010332010323 1
100201100100010033033212100133202120110322001200120030021 0
201312032212302002113201000132111211310302313222102323211 0
230223003230322123122120013322121000233312113033331111113 0
131320311101331122000012322111132131010102120203201002131 1
123113101011121130202211112332012322210000112332312212010 1
111210200002021130102131013032010203101001132112002030020 1
322001200120030021130033313310120322002032213020122112311 0
122031010011131133201001100310230230310000110201022132223 1
112312122323021023013030132213031321122311021330113120220 0
110213130020110112312122323021023013030132213031321122311 0
200133221210002333121130333311111132130003303300210101323 0
133330231231102130122320231110130101321012310212111032303 1
132101221302031131202321301133131231102001210023201232200 1
030231212132013303101303013302102331333102001013213301330 0
303032013120322123020021132010001321112113103023132221023 0
102103200102321132311233133110031013101001323233321131231 1
001131301313101230031313113233031030131103001021002000212 1
101121200200301100223020301120012123133013302311200201130 0
202100111011220131202021111232012111311013210133110111201 1
112320101111121132000311333113032133210301103220322001211 1
221130000030331130232132003321210102320100132322223200232 1
010100000031121132111210023130003133111033110000302012031 1
203233203202311122023233130303221203301120131230131211223 0
002201122331130212001303201212301320323102122102013001030 0
132023331132301032212032310112033132303112301031212030312 0
230023031200120302232111302121331011021313002011011231212 0
310112120020030110022302030112001212313301330231120020113 0
322112122000023131111113113110011233131030211310002210001 1
010130023113030213223213031101203213130023020112133231210 0
100000021002031131203221312223211010030120102322311010231 1
131000210013221110231333233130111131210200121102222202310 1
213113112031111130311313101002222120112130122203211010233 1
000200111203001030200000212130313100100131032212313121132 1
101133211321200320130021200332130102332303021132303221131 0
210101323212010230101300231130302132232130311012032131300 0
121200231002021110203233232312011130101301323222232112223 1
033332003303301330003033113223101000300021030312231110331 1
033033002102320033113300201233030301322032203232022132023 0
331311113232001311001232111310202212033201310002312112310 0
110323301221022130232111110123200212121021311121220102223 1
111100011122121131203322330010021222101001323220220213020 1
113022102102322032011113323313100321002201122331130212001 0
010312120303121130221021023220320111133233131003210022011 0
310210303002103132011032110111111131101201321002202223323 1
002120033213010233230302113230322113122113233102020320323 0
013200111111031132013002123201312122010300132323210211301 1
232103302111211311301111220132331311113232001311001232111 0
002320102331011110221122203120030000211012110112220211112 1
020311012202101122131330100220131310110303110300002023033 1
231032320120313211121102131303102320220323220303302302302 0
303313321013131013022300230312001203022321113021213310110 0
210233133310200101321330133030132311202112133121021302123 0
221300011203331130212130003033000323100101023220221232302 1
013201111122321131211221303223021222101001323221220123020 1
132130003303300210101323212010230101300231130302132232130 0
133013302311200201130330033201002321021022130131110212200 0
320001001200131330211112132231301101030202111131102323111 1
033201310002312112310323201203132111211021313031023202203 0
203333313303301110032201212213013023201031203222012013001 1
023210023203013203230023212332310112120020030110022302030 0
300302202322123220223031030222110303032013120322123020021 0
103320222203321110202111013211223321231013113131330011313 1
123010011002101130230000321300002202103001323221223133103 1
201221232022031230230233111023211102310103133230200111111 1
013232002323333130200333232320002221210102132323223003213 1
101302230023031200120302232111302121331011021313002011011 0
